176
2
0
0
0
0
0
0
16 - d_off
0
0
0
0
0
0
0
24 - d_recl
0
108 - l
111 - o
103 - g
0
0
4 ---------------------
177
2
0
0
0
0
0
0
32 - d_off
0
0
0
0
0
0
0
32 - d_recl
0
99 - c
97 - a
99 - c
104 - h
101 - e
0
0
0
0
0
0
0
0
4 -----------------
2
0
0
0
0
0
0
0
48 - d_off
0
0
0
0
0
0
0
24 - d_recl
0
46 - .
46 - .
0
0
0
4 -----------------
35
0
0
0
0
0
0
0
64 - d_off
0
0
0
0
0
0
0
24 - d_recl
0
46 - .
0
0
0
0
4 ----------------
178
2
0
0
0
0
0
0
80 - d_off
0
0
0
0
0
0
0
24 - d_recl
0
108 - l
105 - i
98 - b
0
0
4 ----------------
179
2
0
0
0
0
0
0
96 - d_off
0
0
0
0
0
0
0
32 - d_recl
0
115 - s
112 - p
111 - o
111 - o
108 - l
0
0
0
0
0
0
0
0
4 -----------
180
2
0
0
0
0
0
0
112
0
0
0
0
0
0
0
24
0
109
97
105
108
0
4
181
2
0
0
0
0
0
0
128
0
0
0
0
0
0
0
24
0
116
109
112
0
0
4
182
2
0
0
0
0
0
0
144
0
0
0
0
0
0
0
32
0
108
111
99
97
108
0
0
0
0
0
0
0
0
4
183
2
0
0
0
0
0
0
160
0
0
0
0
0
0
0
24
0
111
112
116
0
0
4
36
0
0
0
0
0
0
0
176
0
0
0
0
0
0
0
24
0
114
117
110
0
0
10
184
2
0
0
0
0
0
0
192
0
0
0
0
0
0
0
24
0
108
111
99
107
0
10
185
2
0
0
0
0
0
0
216
0
0
0
0
0
0
0
32
0
98
97
99
107
117
112
115
0
0
0
0
0
0
4
